#<karmand , farayand >

<1,0>=[       (12 ,  .25)  , (11.5 , .45) , (15 , .3)]
<2,0>=[  (9 , .35) ,    (12  ,  .45)      , (10 , .2) ]
<3,0>=[    (10 , .4) , (14    , .6)  ]



<1,1>=[   (9 , .45) , (11 , .55)   ]
<2,1>=[       (7 , .2 )  , (11.5 , .45)    ,  (11 , .2) , (12, .15)] 
<3,1>=[ (10 , .35) , (11, 0.2)   ,  (11.5 , .45) ]


<1,2>=[   (12 , .3)  ,    (14 , .25) , (16 , .45)]
<2,2>=[   (13 , .5)   ,    (14 , .2)   ,   (15 , .3)]  
<3,2>=[     (12 , .15)    ,   (15 , .2) , ( 18 ,  .25) , (17 , .4)]


